1 2.42824534991015492205
2 4.71385991468818294580
4 8.96308123339116748949
8 14.43649705347118794619
10 15.61884669241160588806
15 21.80348752616978236678
20 20.55414314694898089364
30 26.35128482713655767185
40 21.08381676853965400258
50 20.69823851891135251306
70 19.49356786738602354550
80 19.17477960638311719420
90 18.30191165858027819480
100 17.79773421935858785087
110 17.40277001843497334662
120 17.20233277846159150598
130 16.84623881281697283888
140 16.68262691837902558253
150 16.26829110233793266631
