1 2.34151458529435179851
2 4.78132812675717750460
4 8.90213175703576594320
8 12.74363340787200455949
10 15.36684540036654576388
15 20.94108035258363841167
20 32.87026546456637498487
30 33.91006469489035089381
40 28.38804752622990389988
50 24.17952062879530356834
70 22.62668456508905714103
80 21.52282508589258112002
90 13.31332915631117559349
100 20.45803879115575853192
110 20.11730006212428490380
120 19.78782197303791267596
130 19.71319602255821341900
140 19.12858188862737665314
150 18.90721221584376668945
