1 2.38811102805791646865
2 4.96276135605113054577
4 8.70453564150740768360
8 13.44326089526623528162
10 16.04328968685537124223
15 19.03147795509163868235
20 24.38860426857657959742
30 29.28234836586366231309
40 26.06041416871350496351
50 21.61253892680308778482
70 19.99284780060883303163
80 19.75170612297779319062
90 12.11210520053220266685
100 19.03457003370682727678
110 18.66778815357505897946
120 18.29929899021785503501
130 17.64708230497102989059
140 17.52843696611044071765
150 17.43669273135158514977
