1 2.32106880576367805847
2 4.47118666019893986528
4 7.43266712330670780466
8 14.04924894075950390883
10 17.84364166896140721860
15 28.22601710831308245539
20 24.05908534177239017829
30 21.93347385985268667615
40 9.15622344591311551480
50 19.23862087745762547105
70 17.86710537600964193025
80 11.40689296104756366635
90 17.21115052645945786674
100 16.57599644661415216018
110 16.33254277931589305995
120 13.56255234144687406779
130 16.17200179209991911245
140 12.10382040859327987031
150 15.87263238487043211894
