1 2.44697407186273454246
2 4.84766962556334628295
4 8.61596902870291800176
8 14.49864819332291286688
10 15.93420578091859858511
15 23.15833867206126521843
20 22.69208276930108859664
30 23.98129785370426893005
40 20.36960408463405494560
50 8.99967943333428314292
70 17.70705007010790021320
80 16.99117869670355114534
90 16.88563029551862337237
100 15.94246412764401515275
110 16.10428089228099285789
120 15.50833223497126931682
130 15.49443622327391796855
140 15.12347901541761877904
150 14.87963280053572844663
