1 16
2 16
4 16
8 16
10 16
15 16
20 16
30 51.5
40 58
50 58
70 70.6667
80 72.3333
90 76.25
100 76.5
110 79.25
120 79.25
130 81.4
140 83.6
150 81
1 19.3333
2 18
4 18
8 18
10 27
15 28
20 31
30 32.3333
40 34
50 37.6667
70 35.2857
80 35.125
90 35.7778
100 36.5
110 36.4545
120 36.9167
130 37.3846
140 37.7857
150 36.8667
1 20
2 20
4 20
8 20
10 20
15 20
20 20
30 54
40 60
50 60
70 72.3333
80 73.3333
90 73.3333
100 75.75
110 80
120 80
130 79.6
140 84
150 82.3333
1 21
2 21
4 21
8 21
10 21
15 21
20 21
30 56.5
40 59.5
50 60.5
70 69.3333
80 73.6667
90 74
100 74.25
110 79.25
120 80.5
130 80.5
140 79.4
150 82.6
1 91
2 5
4 5
8 5
10 5
15 6
20 7
30 8
40 46
50 51
70 56.5
80 65.3333
90 73
100 74
110 75.3333
120 79.75
130 83.25
140 83.6
150 88
