1 .8347861395
2 1.6420310306
4 3.2482172589
8 6.2769166527
10 6.9274197484
15 11.1335768504
20 14.1465425518
30 17.3905418731
40 18.1057248636
50 18.3156996348
70 18.7243966366
80 18.3301658434
90 16.6851016301
100 18.6788073093
110 18.5047742528
120 18.6314580541
130 5.2843392724
140 18.0169753388
150 17.8685559443
1 .8416571826
2 1.6686527953
4 3.2033945281
8 4.9809938151
10 5.3574400716
15 5.6391465130
20 5.6742695650
30 5.8050724247
40 5.9085516789
50 5.7122891741
70 5.8860842681
80 5.9437573847
90 5.9425798983
100 5.8902767269
110 5.9510196436
120 5.9511354245
130 5.9349062777
140 5.9420373897
150 6.0600001993
1 .8313255436
2 1.6741708587
4 3.3119256629
8 6.3673243620
10 7.5051145451
15 10.5943540106
20 12.7706466420
30 16.4400874278
40 18.2115955898
50 18.1892222380
70 18.4836330143
80 18.8480980213
90 18.5555055313
100 19.0884144663
110 18.3862058008
120 18.9031310170
130 4.0164904520
140 18.8928525777
150 17.4781667198
1 .8329997169
2 1.6672646842
4 3.2983419613
8 6.2206065512
10 7.6155241413
15 9.7798885576
20 12.3786537468
30 14.8918079940
40 15.3535816615
50 17.6905748126
70 19.4297083464
80 20.1052305700
90 20.2999102298
100 19.7815020513
110 19.5578957752
120 20.5037014449
130 20.2847308111
140 20.4582466435
150 20.5623198690
1 .8523457578
2 1.6978740420
4 3.3484609848
8 6.4723633402
10 7.8287260841
15 11.0653849758
20 13.6291610141
30 18.3074823736
40 21.1147467675
50 22.0115989633
70 25.0297821023
80 23.0468269187
90 22.5805996231
100 21.7648269702
110 21.5947502827
120 21.1754149525
130 19.3366245025
140 19.2521313951
150 18.3920401151
