1 .19656100000000000000
2 .21724780000000000000
4 .23122355000000000000
8 .27501257500000000000
10 .44209226000000000000
15 .35033644000000000000
20 .41728611000000000000
30 .72937202666666666666
40 1.21540739500000000000
50 1.73880669600000000000
70 2.75079076571428571428
80 3.37824304000000000000
90 4.40130185111111111111
100 4.37249228800000000000
110 4.96494746545454545454
120 5.46342023500000000000
130 21.05752674769230769230
140 6.79851005285714285714
150 7.42441744133333333333
1 .18615720000000000000
2 .19841320000000000000
4 .24998965000000000000
8 .60978272500000000000
10 .87148606000000000000
15 1.66780297333333333333
20 2.53639747000000000000
30 4.18661203333333333333
40 5.79433020000000000000
50 7.78643874800000000000
70 10.93780540285714285714
80 12.51289069500000000000
90 14.20867407333333333333
100 16.04394819200000000000
110 17.55802783454545454545
120 19.24905569500000000000
130 20.99217699230769230769
140 22.67484725000000000000
150 23.85678362666666666666
1 .20206600000000000000
2 .19319000000000000000
4 .20700165000000000000
8 .25647237500000000000
10 .33401248000000000000
15 .41809156000000000000
20 .56983005000000000000
30 .82801757333333333333
40 1.20175587500000000000
50 1.76156325600000000000
70 2.79779519428571428571
80 3.25837816500000000000
90 3.86540206666666666666
100 4.25641489400000000000
110 5.00537935636363636363
120 5.37496235166666666666
130 27.44637417846153846153
140 6.43483188000000000000
150 7.60618035200000000000
1 .20014620000000000000
2 .19901840000000000000
4 .21213610000000000000
8 .28609262500000000000
10 .31377786000000000000
15 .53708304000000000000
20 .62184464000000000000
30 1.01591256666666666666
40 1.61313346500000000000
50 1.83313028800000000000
70 2.61113076000000000000
80 2.98757194750000000000
90 3.44656481111111111111
100 4.06954684800000000000
110 4.63921426000000000000
120 4.86881647166666666666
130 5.42919581538461538461
140 5.86514892000000000000
150 6.31733528533333333333
1 .16944600000000000000
2 .17668910000000000000
4 .19379340000000000000
8 .23534602500000000000
10 .27775172000000000000
15 .35634145333333333333
20 .47208279000000000000
30 .64318216000000000000
40 .89690457500000000000
50 1.27465803200000000000
70 1.80298558571428571428
80 2.47568858000000000000
90 2.99172542666666666666
100 3.59538670600000000000
110 4.09907054909090909090
120 4.67232399166666666666
130 5.72806626769230769230
140 6.27902068714285714285
150 7.16581912000000000000
