1 5.0874792049
2 9.2069913183
4 17.3492275861
8 29.6959670587
10 22.7211338199
15 45.1158184331
20 49.7390145323
30 41.9002591718
40 33.2892824829
50 29.0127930021
70 25.6119243857
80 23.8194766086
90 20.5443593464
100 22.9971118478
110 22.2711786598
120 22.0770837007
130 7.7307488285
140 20.6938859603
150 20.2984089904
1 5.3718040452
2 10.1682341515
4 16.6955013633
8 13.3704847640
10 11.6414280859
15 9.0717750001
20 7.9408821499
30 7.2077153695
40 6.9394882534
50 6.4534387234
70 6.4293791105
80 6.4233179421
90 6.3650352207
100 6.2609027002
110 6.2931686675
120 6.2634446996
130 6.2203391163
140 6.2070842996
150 6.3167281875
1 4.9488780893
2 10.3525229686
4 19.3252036178
8 31.5468698211
10 31.0084005635
15 36.8153413945
20 36.0917752522
30 36.6801592566
40 33.5982936531
50 28.7307501902
70 25.1590359161
80 24.6973553303
90 23.4074355721
100 23.6202768569
110 22.1004067482
120 22.4626342055
130 7.0862768775
140 21.8567773829
150 19.8019888641
1 4.9963476699
2 10.0528574265
4 18.9152367188
8 28.2561245392
10 32.5705832217
15 28.6876204492
20 33.1663844711
30 29.6784698928
40 25.0146385113
50 27.4530591921
70 26.9405787218
80 26.8960895675
90 26.2511914299
100 24.6853574437
110 23.8077719552
120 24.7508349542
130 24.0553317136
140 23.9780954106
150 23.8449273755
1 5.9015851658
2 11.3193186180
4 20.6413696974
8 34.0377417977
10 36.5588311116
15 42.6803571454
20 44.1074467189
30 47.6150504920
40 44.9299619517
50 39.4154837355
70 39.0638092150
80 32.4503705802
90 30.2023248395
100 27.9120750163
110 26.8972393235
120 25.7398026874
130 22.7318663496
140 22.3406576340
150 20.9793854712
