1 2.60847336487847122593
2 5.04048922104868426522
4 9.22130564460063881658
8 14.10655024579888294547
10 18.12537002570763943511
15 19.10142676808495405423
20 21.39031839844328209394
30 19.83293328453384473542
40 20.59939419038405408047
50 17.90623023077391177465
70 16.32657975301456876601
80 15.93393313072544378938
90 15.44364210129245424798
100 15.03273725116635152939
110 14.74059382027611963624
120 14.10240356541758808719
130 13.93869600008692984592
140 13.66508188796044501889
150 13.36936450356735724827
